image: fakultegroundtruth.pgm
resolution: 0.0550000
origin: [-43.8000000, -33.000000, 0.000000]
negate: 0
occupied_thresh: 0.65
free_thresh: 0.196

