image: lastworldmapnew.pgm
resolution: 0.03960000
origin: [-10.4, -10.25, 0.000000]
negate: 0
occupied_thresh: 0.65
free_thresh: 0.196

