image: simmap4-1.pgm
resolution: 0.08900000
origin: [-75.0000, -75.0000, 0.000000]
negate: 0
occupied_thresh: 0.35
free_thresh: 0.1

