image: simmap4-1.pgm
resolution: 0.020000
origin: [-61.520000, -60.240000, 0.000000]
negate: 0
occupied_thresh: 0.65
free_thresh: 0.196

